#
#
#    alpha/Fe-enhanced SSP-models with carbon enhancement
#    Citrogen additionally enhanced by 30 per cent -> fits better CN1, CN2, 
#    Ca4227 of globular clusters (the fit to the other indices is unchanged)
#
#    Maraston C., 1998, MNRAS, 300, 872
#    Thomas D., Maraston C., Bender R., 2003, MNRAS, 339, 897, astro-ph/0209250
#    
#    Contact: Daniel Thomas (daniel.thomas@port.ac.uk)
#             Claudia Maraston (claudia.maraston@port.ac.uk)
#
#	      www.dsg.port.ac.uk/~thomasd/tmb
#
#
#     age        [Z/H]    [alpha/Fe]      CN1         CN2       Ca4227       G4300      C24668       Mg1   
#      1           2           3           4           5          6            7          8           9 
#
   1.000E+00  -2.250E+00   0.000E+00  -2.420E-01  -1.370E-01  -4.584E-01  -4.264E+00   2.454E+00   1.694E-02
   2.000E+00  -2.250E+00   0.000E+00  -1.949E-01  -1.165E-01  -2.048E-01  -2.342E+00   1.254E+00   7.687E-03
   3.000E+00  -2.250E+00   0.000E+00  -1.810E-01  -1.112E-01  -1.234E-01  -1.824E+00   9.541E-01   5.119E-03
   4.000E+00  -2.250E+00   0.000E+00  -1.684E-01  -1.059E-01  -5.664E-02  -1.439E+00   6.893E-01   3.334E-03
   5.000E+00  -2.250E+00   0.000E+00  -1.564E-01  -1.005E-01   2.509E-03  -1.058E+00   4.836E-01   2.435E-03
   6.000E+00  -2.250E+00   0.000E+00  -1.434E-01  -9.317E-02   5.121E-02  -7.289E-01   3.257E-01   1.229E-03
   7.000E+00  -2.250E+00   0.000E+00  -1.346E-01  -8.955E-02   9.576E-02  -4.504E-01   1.938E-01   1.957E-03
   8.000E+00  -2.250E+00   0.000E+00  -1.252E-01  -8.449E-02   1.261E-01  -3.081E-01   9.784E-02   2.580E-03
   9.000E+00  -2.250E+00   0.000E+00  -1.184E-01  -8.081E-02   1.473E-01  -2.556E-01   8.412E-03   3.275E-03
   1.000E+01  -2.250E+00   0.000E+00  -1.158E-01  -7.902E-02   1.595E-01  -2.785E-01  -3.748E-02   3.952E-03
   1.100E+01  -2.250E+00   0.000E+00  -1.136E-01  -7.764E-02   1.619E-01  -4.132E-01  -9.619E-02   5.232E-03
   1.200E+01  -2.250E+00   0.000E+00  -1.122E-01  -7.659E-02   1.627E-01  -5.333E-01  -1.250E-01   6.538E-03
   1.300E+01  -2.250E+00   0.000E+00  -1.090E-01  -7.539E-02   1.846E-01  -4.226E-01  -1.310E-01   9.238E-03
   1.400E+01  -2.250E+00   0.000E+00  -1.055E-01  -7.362E-02   2.263E-01  -1.975E-01  -1.906E-01   1.079E-02
   1.500E+01  -2.250E+00   0.000E+00  -1.053E-01  -7.226E-02   2.394E-01  -9.781E-02  -6.288E-02   1.098E-02
   1.000E+00  -1.350E+00   0.000E+00  -1.563E-01  -7.820E-02  -9.827E-02  -1.139E+00   5.711E-01   1.792E-02
   2.000E+00  -1.350E+00   0.000E+00  -1.512E-01  -8.061E-02   4.383E-02  -6.498E-01   4.845E-01   1.869E-02
   3.000E+00  -1.350E+00   0.000E+00  -1.367E-01  -7.324E-02   1.291E-01  -5.610E-02   5.028E-01   1.860E-02
   4.000E+00  -1.350E+00   0.000E+00  -1.189E-01  -6.253E-02   2.023E-01   5.416E-01   5.454E-01   1.981E-02
   5.000E+00  -1.350E+00   0.000E+00  -1.020E-01  -5.189E-02   2.641E-01   1.106E+00   5.849E-01   2.143E-02
   6.000E+00  -1.350E+00   0.000E+00  -9.053E-02  -4.500E-02   3.103E-01   1.494E+00   5.672E-01   2.350E-02
   7.000E+00  -1.350E+00   0.000E+00  -8.005E-02  -3.795E-02   3.483E-01   1.825E+00   6.253E-01   2.492E-02
   8.000E+00  -1.350E+00   0.000E+00  -7.426E-02  -3.450E-02   3.746E-01   1.991E+00   6.098E-01   2.629E-02
   9.000E+00  -1.350E+00   0.000E+00  -6.723E-02  -2.993E-02   4.024E-01   2.184E+00   6.127E-01   2.803E-02
   1.000E+01  -1.350E+00   0.000E+00  -6.183E-02  -2.654E-02   4.227E-01   2.334E+00   5.496E-01   2.952E-02
   1.100E+01  -1.350E+00   0.000E+00  -5.855E-02  -2.425E-02   4.304E-01   2.353E+00   5.450E-01   3.017E-02
   1.200E+01  -1.350E+00   0.000E+00  -5.641E-02  -2.267E-02   4.383E-01   2.368E+00   4.705E-01   3.081E-02
   1.300E+01  -1.350E+00   0.000E+00  -6.441E-02  -2.801E-02   4.320E-01   2.144E+00   3.994E-01   3.022E-02
   1.400E+01  -1.350E+00   0.000E+00  -7.979E-02  -3.757E-02   4.122E-01   1.700E+00   2.955E-01   3.042E-02
   1.500E+01  -1.350E+00   0.000E+00  -8.611E-02  -4.128E-02   4.020E-01   1.506E+00   2.686E-01   3.268E-02
   1.000E+00  -3.300E-01   0.000E+00  -7.966E-02  -2.156E-02   3.098E-01   1.592E+00   3.816E+00   5.766E-02
   2.000E+00  -3.300E-01   0.000E+00  -3.429E-02   1.095E-02   5.210E-01   3.168E+00   5.064E+00   7.137E-02
   3.000E+00  -3.300E-01   0.000E+00  -1.946E-02   2.172E-02   6.068E-01   3.727E+00   5.484E+00   7.742E-02
   4.000E+00  -3.300E-01   0.000E+00  -7.884E-03   3.025E-02   6.648E-01   4.123E+00   5.691E+00   8.158E-02
   5.000E+00  -3.300E-01   0.000E+00  -1.284E-03   3.485E-02   7.036E-01   4.366E+00   5.765E+00   8.364E-02
   6.000E+00  -3.300E-01   0.000E+00   2.757E-03   3.709E-02   7.389E-01   4.560E+00   5.799E+00   8.606E-02
   7.000E+00  -3.300E-01   0.000E+00   7.855E-03   4.103E-02   7.707E-01   4.739E+00   5.891E+00   8.859E-02
   8.000E+00  -3.300E-01   0.000E+00   1.121E-02   4.340E-02   7.972E-01   4.874E+00   5.949E+00   9.105E-02
   9.000E+00  -3.300E-01   0.000E+00   1.519E-02   4.634E-02   8.242E-01   5.008E+00   6.039E+00   9.267E-02
   1.000E+01  -3.300E-01   0.000E+00   2.140E-02   5.169E-02   8.534E-01   5.178E+00   6.214E+00   9.729E-02
   1.100E+01  -3.300E-01   0.000E+00   2.648E-02   5.607E-02   8.752E-01   5.308E+00   6.337E+00   1.008E-01
   1.200E+01  -3.300E-01   0.000E+00   3.052E-02   5.914E-02   8.909E-01   5.416E+00   6.398E+00   1.031E-01
   1.300E+01  -3.300E-01   0.000E+00   3.327E-02   6.191E-02   9.042E-01   5.483E+00   6.512E+00   1.061E-01
   1.400E+01  -3.300E-01   0.000E+00   3.412E-02   6.303E-02   9.145E-01   5.508E+00   6.534E+00   1.101E-01
   1.500E+01  -3.300E-01   0.000E+00   3.657E-02   6.520E-02   9.246E-01   5.561E+00   6.582E+00   1.138E-01
   1.000E+00   0.000E+00   0.000E+00  -6.964E-02  -1.393E-02   4.471E-01   2.062E+00   5.739E+00   6.980E-02
   2.000E+00   0.000E+00   0.000E+00   8.705E-03   4.965E-02   7.082E-01   4.265E+00   7.999E+00   1.040E-01
   3.000E+00   0.000E+00   0.000E+00   4.763E-02   8.537E-02   8.009E-01   5.020E+00   9.295E+00   1.189E-01
   4.000E+00   0.000E+00   0.000E+00   5.723E-02   9.334E-02   8.586E-01   5.316E+00   9.520E+00   1.249E-01
   5.000E+00   0.000E+00   0.000E+00   6.886E-02   1.040E-01   9.100E-01   5.586E+00   9.812E+00   1.316E-01
   6.000E+00   0.000E+00   0.000E+00   7.815E-02   1.126E-01   9.485E-01   5.806E+00   1.006E+01   1.359E-01
   7.000E+00   0.000E+00   0.000E+00   8.028E-02   1.139E-01   9.721E-01   5.917E+00   1.005E+01   1.361E-01
   8.000E+00   0.000E+00   0.000E+00   8.068E-02   1.138E-01   9.962E-01   5.999E+00   1.002E+01   1.374E-01
   9.000E+00   0.000E+00   0.000E+00   8.632E-02   1.194E-01   1.027E+00   6.129E+00   1.019E+01   1.425E-01
   1.000E+01   0.000E+00   0.000E+00   8.883E-02   1.218E-01   1.052E+00   6.216E+00   1.027E+01   1.435E-01
   1.100E+01   0.000E+00   0.000E+00   9.565E-02   1.289E-01   1.080E+00   6.342E+00   1.050E+01   1.492E-01
   1.200E+01   0.000E+00   0.000E+00   1.014E-01   1.349E-01   1.104E+00   6.440E+00   1.068E+01   1.533E-01
   1.300E+01   0.000E+00   0.000E+00   1.070E-01   1.405E-01   1.126E+00   6.523E+00   1.081E+01   1.560E-01
   1.400E+01   0.000E+00   0.000E+00   1.119E-01   1.458E-01   1.147E+00   6.609E+00   1.097E+01   1.625E-01
   1.500E+01   0.000E+00   0.000E+00   1.169E-01   1.512E-01   1.167E+00   6.677E+00   1.112E+01   1.663E-01
   1.000E+00   3.500E-01   0.000E+00  -1.053E-03   4.787E-02   7.057E-01   3.660E+00   1.068E+01   1.207E-01
   2.000E+00   3.500E-01   0.000E+00   8.098E-02   1.226E-01   9.357E-01   5.225E+00   1.289E+01   1.530E-01
   3.000E+00   3.500E-01   0.000E+00   9.443E-02   1.326E-01   1.023E+00   5.637E+00   1.297E+01   1.603E-01
   4.000E+00   3.500E-01   0.000E+00   1.108E-01   1.479E-01   1.103E+00   5.944E+00   1.336E+01   1.709E-01
   5.000E+00   3.500E-01   0.000E+00   1.194E-01   1.558E-01   1.162E+00   6.164E+00   1.358E+01   1.784E-01
   6.000E+00   3.500E-01   0.000E+00   1.294E-01   1.661E-01   1.210E+00   6.336E+00   1.391E+01   1.846E-01
   7.000E+00   3.500E-01   0.000E+00   1.334E-01   1.695E-01   1.242E+00   6.430E+00   1.388E+01   1.872E-01
   8.000E+00   3.500E-01   0.000E+00   1.367E-01   1.729E-01   1.283E+00   6.520E+00   1.396E+01   1.907E-01
   9.000E+00   3.500E-01   0.000E+00   1.405E-01   1.768E-01   1.310E+00   6.601E+00   1.403E+01   1.916E-01
   1.000E+01   3.500E-01   0.000E+00   1.479E-01   1.852E-01   1.347E+00   6.688E+00   1.428E+01   1.954E-01
   1.100E+01   3.500E-01   0.000E+00   1.567E-01   1.951E-01   1.391E+00   6.772E+00   1.456E+01   2.010E-01
   1.200E+01   3.500E-01   0.000E+00   1.646E-01   2.040E-01   1.426E+00   6.830E+00   1.482E+01   2.062E-01
   1.300E+01   3.500E-01   0.000E+00   1.735E-01   2.134E-01   1.460E+00   6.877E+00   1.499E+01   2.125E-01
   1.400E+01   3.500E-01   0.000E+00   1.795E-01   2.204E-01   1.495E+00   6.929E+00   1.517E+01   2.210E-01
   1.500E+01   3.500E-01   0.000E+00   1.872E-01   2.297E-01   1.523E+00   6.965E+00   1.541E+01   2.254E-01
   1.000E+00   6.700E-01   0.000E+00  -1.466E-02   2.758E-02   8.227E-01   4.161E+00   1.117E+01   1.213E-01
   2.000E+00   6.700E-01   0.000E+00   6.243E-02   9.775E-02   1.129E+00   5.806E+00   1.370E+01   1.675E-01
   3.000E+00   6.700E-01   0.000E+00   1.249E-01   1.619E-01   1.353E+00   6.395E+00   1.592E+01   2.098E-01
   4.000E+00   6.700E-01   0.000E+00   1.675E-01   2.072E-01   1.488E+00   6.672E+00   1.723E+01   2.352E-01
   5.000E+00   6.700E-01   0.000E+00   1.788E-01   2.191E-01   1.513E+00   6.752E+00   1.740E+01   2.420E-01
   6.000E+00   6.700E-01   0.000E+00   1.908E-01   2.329E-01   1.553E+00   6.826E+00   1.778E+01   2.466E-01
   7.000E+00   6.700E-01   0.000E+00   2.021E-01   2.451E-01   1.599E+00   6.908E+00   1.796E+01   2.535E-01
   8.000E+00   6.700E-01   0.000E+00   2.155E-01   2.601E-01   1.658E+00   6.949E+00   1.828E+01   2.595E-01
   9.000E+00   6.700E-01   0.000E+00   2.308E-01   2.775E-01   1.732E+00   6.992E+00   1.865E+01   2.666E-01
   1.000E+01   6.700E-01   0.000E+00   2.481E-01   2.977E-01   1.823E+00   7.039E+00   1.911E+01   2.745E-01
   1.100E+01   6.700E-01   0.000E+00   2.646E-01   3.169E-01   1.872E+00   7.017E+00   1.946E+01   2.810E-01
   1.200E+01   6.700E-01   0.000E+00   2.836E-01   3.388E-01   1.927E+00   6.990E+00   1.985E+01   2.880E-01
   1.300E+01   6.700E-01   0.000E+00   3.076E-01   3.652E-01   1.975E+00   6.943E+00   2.011E+01   2.966E-01
   1.400E+01   6.700E-01   0.000E+00   3.370E-01   3.981E-01   2.006E+00   6.880E+00   2.038E+01   3.104E-01
   1.500E+01   6.700E-01   0.000E+00   3.528E-01   4.171E-01   2.035E+00   6.848E+00   2.072E+01   3.130E-01
   1.000E+00  -2.250E+00   3.000E-01  -2.380E-01  -1.335E-01  -4.574E-01  -4.214E+00   2.298E+00   2.019E-02
   2.000E+00  -2.250E+00   3.000E-01  -1.933E-01  -1.157E-01  -2.077E-01  -2.291E+00   1.144E+00   1.140E-02
   3.000E+00  -2.250E+00   3.000E-01  -1.799E-01  -1.109E-01  -1.226E-01  -1.750E+00   8.527E-01   8.046E-03
   4.000E+00  -2.250E+00   3.000E-01  -1.672E-01  -1.057E-01  -5.248E-02  -1.362E+00   5.988E-01   5.924E-03
   5.000E+00  -2.250E+00   3.000E-01  -1.551E-01  -1.003E-01   1.006E-02  -9.797E-01   4.014E-01   4.812E-03
   6.000E+00  -2.250E+00   3.000E-01  -1.421E-01  -9.308E-02   6.170E-02  -6.524E-01   2.547E-01   3.654E-03
   7.000E+00  -2.250E+00   3.000E-01  -1.331E-01  -8.919E-02   1.053E-01  -3.761E-01   1.255E-01   4.274E-03
   8.000E+00  -2.250E+00   3.000E-01  -1.234E-01  -8.392E-02   1.348E-01  -2.445E-01   3.435E-02   5.078E-03
   9.000E+00  -2.250E+00   3.000E-01  -1.164E-01  -8.007E-02   1.551E-01  -2.046E-01  -4.921E-02   5.898E-03
   1.000E+01  -2.250E+00   3.000E-01  -1.135E-01  -7.804E-02   1.669E-01  -2.397E-01  -8.984E-02   6.724E-03
   1.100E+01  -2.250E+00   3.000E-01  -1.108E-01  -7.635E-02   1.683E-01  -3.938E-01  -1.439E-01   8.057E-03
   1.200E+01  -2.250E+00   3.000E-01  -1.092E-01  -7.504E-02   1.684E-01  -5.297E-01  -1.687E-01   9.438E-03
   1.300E+01  -2.250E+00   3.000E-01  -1.055E-01  -7.325E-02   1.904E-01  -4.195E-01  -1.778E-01   1.205E-02
   1.400E+01  -2.250E+00   3.000E-01  -1.020E-01  -7.140E-02   2.237E-01  -1.980E-01  -2.293E-01   1.281E-02
   1.500E+01  -2.250E+00   3.000E-01  -1.013E-01  -6.975E-02   2.369E-01  -9.727E-02  -1.066E-01   1.334E-02
   1.000E+00  -1.350E+00   3.000E-01  -1.514E-01  -7.323E-02  -1.043E-01  -9.930E-01   4.985E-01   2.206E-02
   2.000E+00  -1.350E+00   3.000E-01  -1.480E-01  -7.753E-02   3.466E-02  -5.164E-01   4.025E-01   2.409E-02
   3.000E+00  -1.350E+00   3.000E-01  -1.339E-01  -7.054E-02   1.219E-01   8.697E-02   4.163E-01   2.398E-02
   4.000E+00  -1.350E+00   3.000E-01  -1.160E-01  -5.970E-02   1.974E-01   6.919E-01   4.574E-01   2.556E-02
   5.000E+00  -1.350E+00   3.000E-01  -9.884E-02  -4.879E-02   2.618E-01   1.265E+00   4.966E-01   2.749E-02
   6.000E+00  -1.350E+00   3.000E-01  -8.723E-02  -4.193E-02   3.104E-01   1.657E+00   4.838E-01   3.008E-02
   7.000E+00  -1.350E+00   3.000E-01  -7.635E-02  -3.441E-02   3.482E-01   1.993E+00   5.381E-01   3.161E-02
   8.000E+00  -1.350E+00   3.000E-01  -7.035E-02  -3.078E-02   3.742E-01   2.158E+00   5.239E-01   3.327E-02
   9.000E+00  -1.350E+00   3.000E-01  -6.297E-02  -2.593E-02   4.022E-01   2.352E+00   5.284E-01   3.531E-02
   1.000E+01  -1.350E+00   3.000E-01  -5.712E-02  -2.223E-02   4.229E-01   2.504E+00   4.714E-01   3.708E-02
   1.100E+01  -1.350E+00   3.000E-01  -5.350E-02  -1.965E-02   4.306E-01   2.518E+00   4.689E-01   3.770E-02
   1.200E+01  -1.350E+00   3.000E-01  -5.108E-02  -1.785E-02   4.390E-01   2.527E+00   4.014E-01   3.830E-02
   1.300E+01  -1.350E+00   3.000E-01  -5.934E-02  -2.329E-02   4.328E-01   2.284E+00   3.323E-01   3.710E-02
   1.400E+01  -1.350E+00   3.000E-01  -7.537E-02  -3.332E-02   4.115E-01   1.803E+00   2.352E-01   3.654E-02
   1.500E+01  -1.350E+00   3.000E-01  -8.157E-02  -3.710E-02   4.018E-01   1.594E+00   2.118E-01   3.950E-02
   1.000E+00  -3.300E-01   3.000E-01  -7.422E-02  -1.543E-02   2.895E-01   1.799E+00   3.621E+00   7.075E-02
   2.000E+00  -3.300E-01   3.000E-01  -2.788E-02   1.802E-02   5.005E-01   3.411E+00   4.818E+00   8.614E-02
   3.000E+00  -3.300E-01   3.000E-01  -1.283E-02   2.903E-02   5.867E-01   3.979E+00   5.220E+00   9.358E-02
   4.000E+00  -3.300E-01   3.000E-01  -9.343E-04   3.789E-02   6.455E-01   4.382E+00   5.418E+00   9.863E-02
   5.000E+00  -3.300E-01   3.000E-01   5.834E-03   4.266E-02   6.851E-01   4.630E+00   5.488E+00   1.011E-01
   6.000E+00  -3.300E-01   3.000E-01   9.951E-03   4.494E-02   7.210E-01   4.827E+00   5.519E+00   1.038E-01
   7.000E+00  -3.300E-01   3.000E-01   1.529E-02   4.913E-02   7.529E-01   5.012E+00   5.608E+00   1.068E-01
   8.000E+00  -3.300E-01   3.000E-01   1.877E-02   5.164E-02   7.794E-01   5.151E+00   5.663E+00   1.097E-01
   9.000E+00  -3.300E-01   3.000E-01   2.298E-02   5.479E-02   8.067E-01   5.290E+00   5.748E+00   1.115E-01
   1.000E+01  -3.300E-01   3.000E-01   2.964E-02   6.062E-02   8.370E-01   5.469E+00   5.915E+00   1.169E-01
   1.100E+01  -3.300E-01   3.000E-01   3.514E-02   6.544E-02   8.600E-01   5.607E+00   6.033E+00   1.211E-01
   1.200E+01  -3.300E-01   3.000E-01   3.959E-02   6.889E-02   8.772E-01   5.723E+00   6.090E+00   1.238E-01
   1.300E+01  -3.300E-01   3.000E-01   4.265E-02   7.199E-02   8.917E-01   5.794E+00   6.200E+00   1.275E-01
   1.400E+01  -3.300E-01   3.000E-01   4.379E-02   7.341E-02   9.035E-01   5.824E+00   6.222E+00   1.328E-01
   1.500E+01  -3.300E-01   3.000E-01   4.661E-02   7.593E-02   9.151E-01   5.883E+00   6.267E+00   1.373E-01
   1.000E+00   0.000E+00   3.000E-01  -6.593E-02  -9.389E-03   4.118E-01   2.260E+00   5.504E+00   8.534E-02
   2.000E+00   0.000E+00   3.000E-01   1.531E-02   5.733E-02   6.721E-01   4.521E+00   7.692E+00   1.245E-01
   3.000E+00   0.000E+00   3.000E-01   5.722E-02   9.620E-02   7.679E-01   5.310E+00   8.954E+00   1.427E-01
   4.000E+00   0.000E+00   3.000E-01   6.736E-02   1.047E-01   8.257E-01   5.613E+00   9.169E+00   1.497E-01
   5.000E+00   0.000E+00   3.000E-01   7.972E-02   1.161E-01   8.773E-01   5.893E+00   9.450E+00   1.578E-01
   6.000E+00   0.000E+00   3.000E-01   8.973E-02   1.257E-01   9.161E-01   6.122E+00   9.688E+00   1.626E-01
   7.000E+00   0.000E+00   3.000E-01   9.182E-02   1.268E-01   9.392E-01   6.237E+00   9.675E+00   1.630E-01
   8.000E+00   0.000E+00   3.000E-01   9.217E-02   1.267E-01   9.633E-01   6.323E+00   9.643E+00   1.644E-01
   9.000E+00   0.000E+00   3.000E-01   9.818E-02   1.327E-01   9.940E-01   6.462E+00   9.806E+00   1.703E-01
   1.000E+01   0.000E+00   3.000E-01   1.007E-01   1.353E-01   1.019E+00   6.554E+00   9.877E+00   1.714E-01
   1.100E+01   0.000E+00   3.000E-01   1.080E-01   1.429E-01   1.048E+00   6.691E+00   1.009E+01   1.782E-01
   1.200E+01   0.000E+00   3.000E-01   1.141E-01   1.494E-01   1.074E+00   6.799E+00   1.027E+01   1.831E-01
   1.300E+01   0.000E+00   3.000E-01   1.202E-01   1.554E-01   1.098E+00   6.892E+00   1.040E+01   1.867E-01
   1.400E+01   0.000E+00   3.000E-01   1.255E-01   1.612E-01   1.120E+00   6.992E+00   1.055E+01   1.965E-01
   1.500E+01   0.000E+00   3.000E-01   1.308E-01   1.671E-01   1.141E+00   7.069E+00   1.069E+01   2.009E-01
   1.000E+00   3.500E-01   3.000E-01   3.400E-03   5.361E-02   6.661E-01   3.886E+00   1.028E+01   1.459E-01
   2.000E+00   3.500E-01   3.000E-01   9.047E-02   1.338E-01   8.978E-01   5.506E+00   1.243E+01   1.823E-01
   3.000E+00   3.500E-01   3.000E-01   1.052E-01   1.449E-01   9.847E-01   5.924E+00   1.251E+01   1.912E-01
   4.000E+00   3.500E-01   3.000E-01   1.228E-01   1.615E-01   1.064E+00   6.243E+00   1.288E+01   2.036E-01
   5.000E+00   3.500E-01   3.000E-01   1.321E-01   1.701E-01   1.123E+00   6.472E+00   1.309E+01   2.125E-01
   6.000E+00   3.500E-01   3.000E-01   1.431E-01   1.816E-01   1.173E+00   6.654E+00   1.340E+01   2.194E-01
   7.000E+00   3.500E-01   3.000E-01   1.472E-01   1.850E-01   1.205E+00   6.754E+00   1.337E+01   2.228E-01
   8.000E+00   3.500E-01   3.000E-01   1.508E-01   1.887E-01   1.246E+00   6.851E+00   1.344E+01   2.266E-01
   9.000E+00   3.500E-01   3.000E-01   1.548E-01   1.929E-01   1.274E+00   6.940E+00   1.350E+01   2.275E-01
   1.000E+01   3.500E-01   3.000E-01   1.627E-01   2.020E-01   1.314E+00   7.038E+00   1.374E+01   2.319E-01
   1.100E+01   3.500E-01   3.000E-01   1.720E-01   2.126E-01   1.360E+00   7.132E+00   1.401E+01   2.386E-01
   1.200E+01   3.500E-01   3.000E-01   1.804E-01   2.222E-01   1.397E+00   7.201E+00   1.425E+01   2.449E-01
   1.300E+01   3.500E-01   3.000E-01   1.898E-01   2.321E-01   1.433E+00   7.258E+00   1.442E+01   2.531E-01
   1.400E+01   3.500E-01   3.000E-01   1.961E-01   2.395E-01   1.471E+00   7.326E+00   1.459E+01   2.666E-01
   1.500E+01   3.500E-01   3.000E-01   2.045E-01   2.497E-01   1.502E+00   7.372E+00   1.482E+01   2.717E-01
   1.000E+00   6.700E-01   3.000E-01  -1.274E-02   3.025E-02   7.743E-01   4.365E+00   1.071E+01   1.449E-01
   2.000E+00   6.700E-01   3.000E-01   6.776E-02   1.041E-01   1.078E+00   6.051E+00   1.317E+01   1.988E-01
   3.000E+00   6.700E-01   3.000E-01   1.347E-01   1.731E-01   1.307E+00   6.672E+00   1.533E+01   2.485E-01
   4.000E+00   6.700E-01   3.000E-01   1.811E-01   2.224E-01   1.445E+00   6.974E+00   1.660E+01   2.780E-01
   5.000E+00   6.700E-01   3.000E-01   1.931E-01   2.350E-01   1.471E+00   7.059E+00   1.675E+01   2.860E-01
   6.000E+00   6.700E-01   3.000E-01   2.065E-01   2.503E-01   1.510E+00   7.141E+00   1.711E+01   2.911E-01
   7.000E+00   6.700E-01   3.000E-01   2.187E-01   2.635E-01   1.556E+00   7.231E+00   1.729E+01   2.995E-01
   8.000E+00   6.700E-01   3.000E-01   2.333E-01   2.799E-01   1.620E+00   7.286E+00   1.759E+01   3.063E-01
   9.000E+00   6.700E-01   3.000E-01   2.500E-01   2.989E-01   1.698E+00   7.344E+00   1.795E+01   3.145E-01
   1.000E+01   6.700E-01   3.000E-01   2.687E-01   3.208E-01   1.796E+00   7.408E+00   1.839E+01   3.236E-01
   1.100E+01   6.700E-01   3.000E-01   2.861E-01   3.412E-01   1.848E+00   7.395E+00   1.872E+01   3.317E-01
   1.200E+01   6.700E-01   3.000E-01   3.062E-01   3.645E-01   1.907E+00   7.377E+00   1.909E+01   3.402E-01
   1.300E+01   6.700E-01   3.000E-01   3.316E-01   3.922E-01   1.960E+00   7.340E+00   1.934E+01   3.514E-01
   1.400E+01   6.700E-01   3.000E-01   3.620E-01   4.266E-01   1.996E+00   7.293E+00   1.960E+01   3.732E-01
   1.500E+01   6.700E-01   3.000E-01   3.790E-01   4.474E-01   2.030E+00   7.269E+00   1.993E+01   3.759E-01
   1.000E+00  -2.250E+00   5.000E-01  -2.351E-01  -1.310E-01  -4.596E-01  -4.175E+00   2.213E+00   2.276E-02
   2.000E+00  -2.250E+00   5.000E-01  -1.922E-01  -1.151E-01  -2.099E-01  -2.251E+00   1.072E+00   1.443E-02
   3.000E+00  -2.250E+00   5.000E-01  -1.790E-01  -1.107E-01  -1.229E-01  -1.693E+00   7.868E-01   1.035E-02
   4.000E+00  -2.250E+00   5.000E-01  -1.664E-01  -1.056E-01  -5.066E-02  -1.303E+00   5.397E-01   7.903E-03
   5.000E+00  -2.250E+00   5.000E-01  -1.542E-01  -1.001E-01   1.409E-02  -9.194E-01   3.478E-01   6.591E-03
   6.000E+00  -2.250E+00   5.000E-01  -1.412E-01  -9.303E-02   6.775E-02  -5.937E-01   2.074E-01   5.446E-03
   7.000E+00  -2.250E+00   5.000E-01  -1.319E-01  -8.894E-02   1.104E-01  -3.190E-01   8.092E-02   5.961E-03
   8.000E+00  -2.250E+00   5.000E-01  -1.220E-01  -8.352E-02   1.392E-01  -1.956E-01  -6.971E-03   6.889E-03
   9.000E+00  -2.250E+00   5.000E-01  -1.148E-01  -7.954E-02   1.591E-01  -1.654E-01  -8.702E-02   7.793E-03
   1.000E+01  -2.250E+00   5.000E-01  -1.117E-01  -7.733E-02   1.707E-01  -2.097E-01  -1.249E-01   8.721E-03
   1.100E+01  -2.250E+00   5.000E-01  -1.088E-01  -7.542E-02   1.719E-01  -3.786E-01  -1.764E-01   1.008E-02
   1.200E+01  -2.250E+00   5.000E-01  -1.070E-01  -7.392E-02   1.718E-01  -5.264E-01  -1.992E-01   1.151E-02
   1.300E+01  -2.250E+00   5.000E-01  -1.028E-01  -7.170E-02   1.938E-01  -4.167E-01  -2.087E-01   1.402E-02
   1.400E+01  -2.250E+00   5.000E-01  -9.932E-02  -6.978E-02   2.211E-01  -1.984E-01  -2.553E-01   1.420E-02
   1.500E+01  -2.250E+00   5.000E-01  -9.839E-02  -6.790E-02   2.341E-01  -9.699E-02  -1.335E-01   1.498E-02
   1.000E+00  -1.350E+00   5.000E-01  -1.479E-01  -6.967E-02  -1.147E-01  -8.842E-01   4.618E-01   2.533E-02
   2.000E+00  -1.350E+00   5.000E-01  -1.456E-01  -7.527E-02   2.497E-02  -4.149E-01   3.612E-01   2.829E-02
   3.000E+00  -1.350E+00   5.000E-01  -1.318E-01  -6.854E-02   1.132E-01   1.958E-01   3.738E-01   2.812E-02
   4.000E+00  -1.350E+00   5.000E-01  -1.138E-01  -5.760E-02   1.899E-01   8.062E-01   4.151E-01   2.996E-02
   5.000E+00  -1.350E+00   5.000E-01  -9.643E-02  -4.649E-02   2.558E-01   1.386E+00   4.549E-01   3.210E-02
   6.000E+00  -1.350E+00   5.000E-01  -8.475E-02  -3.965E-02   3.059E-01   1.781E+00   4.443E-01   3.509E-02
   7.000E+00  -1.350E+00   5.000E-01  -7.356E-02  -3.178E-02   3.432E-01   2.121E+00   4.979E-01   3.669E-02
   8.000E+00  -1.350E+00   5.000E-01  -6.741E-02  -2.802E-02   3.687E-01   2.285E+00   4.845E-01   3.856E-02
   9.000E+00  -1.350E+00   5.000E-01  -5.978E-02  -2.297E-02   3.966E-01   2.479E+00   4.898E-01   4.083E-02
   1.000E+01  -1.350E+00   5.000E-01  -5.360E-02  -1.904E-02   4.173E-01   2.633E+00   4.351E-01   4.279E-02
   1.100E+01  -1.350E+00   5.000E-01  -4.973E-02  -1.625E-02   4.250E-01   2.642E+00   4.336E-01   4.340E-02
   1.200E+01  -1.350E+00   5.000E-01  -4.712E-02  -1.430E-02   4.337E-01   2.648E+00   3.687E-01   4.396E-02
   1.300E+01  -1.350E+00   5.000E-01  -5.559E-02  -1.982E-02   4.279E-01   2.391E+00   3.005E-01   4.229E-02
   1.400E+01  -1.350E+00   5.000E-01  -7.210E-02  -3.021E-02   4.062E-01   1.882E+00   2.057E-01   4.114E-02
   1.500E+01  -1.350E+00   5.000E-01  -7.823E-02  -3.404E-02   3.969E-01   1.661E+00   1.836E-01   4.463E-02
   1.000E+00  -3.300E-01   5.000E-01  -7.036E-02  -1.109E-02   2.678E-01   1.950E+00   3.547E+00   8.097E-02
   2.000E+00  -3.300E-01   5.000E-01  -2.318E-02   2.316E-02   4.787E-01   3.593E+00   4.721E+00   9.740E-02
   3.000E+00  -3.300E-01   5.000E-01  -7.926E-03   3.438E-02   5.647E-01   4.167E+00   5.114E+00   1.060E-01
   4.000E+00  -3.300E-01   5.000E-01   4.224E-03   4.351E-02   6.239E-01   4.576E+00   5.307E+00   1.117E-01
   5.000E+00  -3.300E-01   5.000E-01   1.112E-02   4.840E-02   6.639E-01   4.828E+00   5.375E+00   1.144E-01
   6.000E+00  -3.300E-01   5.000E-01   1.531E-02   5.073E-02   7.003E-01   5.028E+00   5.404E+00   1.174E-01
   7.000E+00  -3.300E-01   5.000E-01   2.081E-02   5.509E-02   7.320E-01   5.217E+00   5.490E+00   1.208E-01
   8.000E+00  -3.300E-01   5.000E-01   2.439E-02   5.769E-02   7.583E-01   5.358E+00   5.543E+00   1.239E-01
   9.000E+00  -3.300E-01   5.000E-01   2.875E-02   6.099E-02   7.856E-01   5.502E+00   5.626E+00   1.260E-01
   1.000E+01  -3.300E-01   5.000E-01   3.572E-02   6.716E-02   8.162E-01   5.687E+00   5.790E+00   1.320E-01
   1.100E+01  -3.300E-01   5.000E-01   4.152E-02   7.228E-02   8.397E-01   5.831E+00   5.905E+00   1.366E-01
   1.200E+01  -3.300E-01   5.000E-01   4.626E-02   7.601E-02   8.577E-01   5.952E+00   5.961E+00   1.397E-01
   1.300E+01  -3.300E-01   5.000E-01   4.951E-02   7.933E-02   8.728E-01   6.028E+00   6.070E+00   1.439E-01
   1.400E+01  -3.300E-01   5.000E-01   5.084E-02   8.095E-02   8.854E-01   6.062E+00   6.090E+00   1.505E-01
   1.500E+01  -3.300E-01   5.000E-01   5.391E-02   8.371E-02   8.977E-01   6.125E+00   6.135E+00   1.555E-01
   1.000E+00   0.000E+00   5.000E-01  -6.334E-02  -6.228E-03   3.824E-01   2.404E+00   5.407E+00   9.737E-02
   2.000E+00   0.000E+00   5.000E-01   2.005E-02   6.281E-02   6.408E-01   4.709E+00   7.563E+00   1.401E-01
   3.000E+00   0.000E+00   5.000E-01   6.420E-02   1.040E-01   7.374E-01   5.523E+00   8.816E+00   1.609E-01
   4.000E+00   0.000E+00   5.000E-01   7.475E-02   1.129E-01   7.948E-01   5.831E+00   9.025E+00   1.688E-01
   5.000E+00   0.000E+00   5.000E-01   8.767E-02   1.249E-01   8.464E-01   6.119E+00   9.301E+00   1.779E-01
   6.000E+00   0.000E+00   5.000E-01   9.821E-02   1.351E-01   8.852E-01   6.355E+00   9.533E+00   1.831E-01
   7.000E+00   0.000E+00   5.000E-01   1.003E-01   1.361E-01   9.080E-01   6.473E+00   9.518E+00   1.837E-01
   8.000E+00   0.000E+00   5.000E-01   1.006E-01   1.359E-01   9.320E-01   6.562E+00   9.482E+00   1.851E-01
   9.000E+00   0.000E+00   5.000E-01   1.068E-01   1.423E-01   9.626E-01   6.708E+00   9.641E+00   1.916E-01
   1.000E+01   0.000E+00   5.000E-01   1.093E-01   1.449E-01   9.880E-01   6.805E+00   9.708E+00   1.927E-01
   1.100E+01   0.000E+00   5.000E-01   1.169E-01   1.530E-01   1.017E+00   6.950E+00   9.922E+00   2.003E-01
   1.200E+01   0.000E+00   5.000E-01   1.233E-01   1.599E-01   1.044E+00   7.064E+00   1.010E+01   2.059E-01
   1.300E+01   0.000E+00   5.000E-01   1.296E-01   1.662E-01   1.068E+00   7.165E+00   1.022E+01   2.104E-01
   1.400E+01   0.000E+00   5.000E-01   1.352E-01   1.722E-01   1.091E+00   7.277E+00   1.037E+01   2.231E-01
   1.500E+01   0.000E+00   5.000E-01   1.408E-01   1.785E-01   1.113E+00   7.360E+00   1.050E+01   2.279E-01
   1.000E+00   3.500E-01   5.000E-01   6.489E-03   5.758E-02   6.318E-01   4.050E+00   1.011E+01   1.653E-01
   2.000E+00   3.500E-01   5.000E-01   9.723E-02   1.417E-01   8.624E-01   5.713E+00   1.224E+01   2.048E-01
   3.000E+00   3.500E-01   5.000E-01   1.129E-01   1.536E-01   9.483E-01   6.136E+00   1.231E+01   2.148E-01
   4.000E+00   3.500E-01   5.000E-01   1.314E-01   1.711E-01   1.028E+00   6.463E+00   1.268E+01   2.286E-01
   5.000E+00   3.500E-01   5.000E-01   1.412E-01   1.803E-01   1.086E+00   6.699E+00   1.288E+01   2.385E-01
   6.000E+00   3.500E-01   5.000E-01   1.530E-01   1.927E-01   1.136E+00   6.889E+00   1.318E+01   2.459E-01
   7.000E+00   3.500E-01   5.000E-01   1.571E-01   1.960E-01   1.168E+00   6.994E+00   1.315E+01   2.499E-01
   8.000E+00   3.500E-01   5.000E-01   1.609E-01   1.999E-01   1.210E+00   7.096E+00   1.321E+01   2.540E-01
   9.000E+00   3.500E-01   5.000E-01   1.651E-01   2.044E-01   1.239E+00   7.192E+00   1.327E+01   2.548E-01
   1.000E+01   3.500E-01   5.000E-01   1.733E-01   2.139E-01   1.279E+00   7.297E+00   1.350E+01   2.596E-01
   1.100E+01   3.500E-01   5.000E-01   1.830E-01   2.250E-01   1.326E+00   7.399E+00   1.376E+01   2.673E-01
   1.200E+01   3.500E-01   5.000E-01   1.918E-01   2.351E-01   1.365E+00   7.476E+00   1.400E+01   2.744E-01
   1.300E+01   3.500E-01   5.000E-01   2.015E-01   2.453E-01   1.402E+00   7.541E+00   1.416E+01   2.842E-01
   1.400E+01   3.500E-01   5.000E-01   2.080E-01   2.530E-01   1.442E+00   7.621E+00   1.433E+01   3.023E-01
   1.500E+01   3.500E-01   5.000E-01   2.168E-01   2.639E-01   1.474E+00   7.675E+00   1.456E+01   3.078E-01
   1.000E+00   6.700E-01   5.000E-01  -1.145E-02   3.203E-02   7.353E-01   4.514E+00   1.049E+01   1.627E-01
   2.000E+00   6.700E-01   5.000E-01   7.148E-02   1.084E-01   1.035E+00   6.232E+00   1.291E+01   2.227E-01
   3.000E+00   6.700E-01   5.000E-01   1.416E-01   1.807E-01   1.263E+00   6.877E+00   1.505E+01   2.781E-01
   4.000E+00   6.700E-01   5.000E-01   1.906E-01   2.329E-01   1.402E+00   7.197E+00   1.632E+01   3.106E-01
   5.000E+00   6.700E-01   5.000E-01   2.032E-01   2.461E-01   1.428E+00   7.286E+00   1.646E+01   3.194E-01
   6.000E+00   6.700E-01   5.000E-01   2.176E-01   2.625E-01   1.467E+00   7.373E+00   1.681E+01   3.247E-01
   7.000E+00   6.700E-01   5.000E-01   2.305E-01   2.763E-01   1.514E+00   7.470E+00   1.698E+01   3.344E-01
   8.000E+00   6.700E-01   5.000E-01   2.460E-01   2.936E-01   1.579E+00   7.535E+00   1.728E+01   3.415E-01
   9.000E+00   6.700E-01   5.000E-01   2.636E-01   3.138E-01   1.659E+00   7.605E+00   1.762E+01   3.506E-01
   1.000E+01   6.700E-01   5.000E-01   2.833E-01   3.370E-01   1.760E+00   7.682E+00   1.805E+01   3.607E-01
   1.100E+01   6.700E-01   5.000E-01   3.013E-01   3.581E-01   1.814E+00   7.675E+00   1.838E+01   3.699E-01
   1.200E+01   6.700E-01   5.000E-01   3.223E-01   3.825E-01   1.875E+00   7.665E+00   1.874E+01   3.796E-01
   1.300E+01   6.700E-01   5.000E-01   3.486E-01   4.111E-01   1.930E+00   7.635E+00   1.898E+01   3.931E-01
   1.400E+01   6.700E-01   5.000E-01   3.797E-01   4.465E-01   1.970E+00   7.601E+00   1.924E+01   4.219E-01
   1.500E+01   6.700E-01   5.000E-01   3.975E-01   4.686E-01   2.007E+00   7.582E+00   1.957E+01   4.247E-01
